step white victims8 victim_ens victims_loss frac_at_eps
0 0.9500 0.9625 0.9850 0.1840 0.0000
1 0.7350 0.8912 0.9050 0.4817 0.0000
2 0.5850 0.8137 0.8250 0.8063 0.0000
3 0.4450 0.8306 0.8450 0.7295 0.0000
5 0.2700 0.7594 0.7550 1.0929 0.0000
10 0.0300 0.5894 0.6250 1.9696 0.0241
15 0.0150 0.5187 0.5200 2.5600 0.0507
20 0.0050 0.4856 0.4600 2.8077 0.1105
30 0.0050 0.4600 0.4400 3.0466 0.1591
40 0.0050 0.4475 0.4200 3.1365 0.1891
50 0.0000 0.4462 0.4450 3.1748 0.2101
70 0.0000 0.4431 0.4350 3.1851 0.2363
100 0.0000 0.4406 0.4450 3.2771 0.2575
clamp to valid range every step, 20 steps: 0.0050 0.4881 0.4650 2.7772 0.1123
random start seed 0, 20 steps: 0.0200 0.5400 0.5400 2.3221 0.1669
random start seed 1, 20 steps: 0.0100 0.5356 0.5450 2.3487 0.1661
random start seed 2, 20 steps: 0.0100 0.5350 0.5450 2.2995 0.1656
